<path d="M9822 12790 c-70 -10 -78 -20 -16 -20 27 0 77 -7 112 -15 447 -106
    468 -659 48 -1304 l-81 -126 -6 95 c-4 52 -12 181 -19 285 -39 634 -80 882
    -157 959 -31 31 -57 33 -100 6 -76 -46 -160 -153 -423 -540 -266 -392 -417
    -597 -597 -817 -118 -145 -173 -206 -173 -192 0 6 -12 35 -26 65 -40 84 -88
    89 -137 15 -14 -20 -98 -171 -187 -336 -125 -232 -173 -311 -211 -350 l-49
    -50 35 84 c85 201 139 404 154 572 26 307 -71 903 -169 1037 -36 50 -65 54
    -102 15 -16 -17 -102 -203 -212 -455 -440 -1011 -604 -1334 -891 -1753 -209
    -305 -279 -391 -551 -682 -780 -832 -1003 -1113 -1232 -1553 -136 -260 -254
    -577 -402 -1075 -38 -126 -72 -241 -78 -254 -8 -23 -13 -16 -62 75 -312 581
    -472 752 -785 835 -176 47 -433 4 -633 -107 -135 -74 -299 -216 -388 -336 -47
    -63 -114 -191 -114 -216 0 -17 -150 -180 -239 -260 l-68 -60 -94 72 c-192 148
    -323 326 -387 526 -20 62 -45 180 -39 186 1 2 11 -9 21 -24 41 -61 127 -102
    216 -102 109 0 305 82 400 167 120 108 266 306 353 480 45 89 97 209 97 224 0
    4 -28 -8 -62 -28 -93 -52 -266 -138 -338 -167 -74 -30 -167 -50 -305 -66 -178
    -20 -253 -51 -345 -145 l-44 -45 -13 77 c-30 174 -148 344 -332 474 l-90 63
    42 11 c53 13 88 38 150 104 88 94 139 243 159 461 6 69 8 151 4 183 l-7 57
    -62 -86 c-94 -132 -170 -207 -292 -287 -92 -60 -115 -81 -142 -126 -41 -68
    -51 -129 -30 -182 l16 -40 -37 22 c-145 88 -323 220 -381 283 l-24 26 33 0
    c70 0 150 125 150 234 0 90 -50 306 -71 306 -4 0 -11 -14 -14 -32 -15 -66 -65
    -170 -107 -224 -65 -83 -78 -106 -78 -141 0 -18 -4 -33 -8 -33 -10 0 -84 127
    -107 183 -8 20 -22 69 -30 109 -19 88 -29 102 -20 28 18 -146 74 -285 164
    -404 l50 -66 -37 0 c-21 0 -77 -16 -124 -35 -58 -24 -110 -37 -155 -41 -37 -3
    -83 -7 -102 -10 l-33 -5 40 -30 c56 -41 166 -93 241 -113 130 -36 271 21 271
    109 0 20 14 19 31 -1 25 -31 167 -134 336 -244 146 -96 164 -110 136 -110 -61
    0 -126 -32 -231 -112 -119 -91 -145 -104 -327 -163 -148 -49 -149 -40 15 -96
    117 -40 236 -61 360 -63 119 -1 185 15 272 68 76 46 109 92 117 163 l6 58 42
    -56 c54 -70 107 -186 121 -264 6 -33 13 -145 16 -250 2 -104 8 -201 12 -215
    l8 -25 -32 27 c-44 36 -134 69 -212 75 -67 5 -110 -3 -305 -62 -144 -43 -321
    -48 -617 -19 l-70 7 94 -89 c51 -49 118 -108 148 -131 129 -97 325 -207 460
    -255 80 -29 282 -36 370 -14 119 30 205 109 225 204 l7 34 24 -52 c63 -137
    194 -297 343 -421 l54 -45 -132 -113 c-140 -121 -160 -151 -97 -151 48 0 150
    23 286 64 l115 35 38 -41 c59 -64 127 -181 161 -276 29 -83 31 -94 31 -237 0
    -174 -14 -233 -95 -398 -30 -60 -46 -105 -43 -118 15 -56 159 -72 249 -27 83
    41 86 53 81 318 -5 236 -14 296 -62 445 -33 101 -106 246 -161 320 l-45 60 83
    27 c45 16 88 28 96 28 22 0 180 -128 278 -225 100 -99 181 -213 214 -302 30
    -81 46 -164 70 -373 50 -440 124 -668 301 -931 216 -322 528 -583 1059 -886
    316 -181 710 -302 1180 -363 343 -44 616 -157 862 -357 241 -196 484 -558 707
    -1052 144 -320 244 -656 386 -1296 39 -175 73 -310 84 -325 23 -33 78 -60 121
    -60 130 0 373 122 614 308 44 34 81 60 83 58 2 -2 -9 -33 -25 -69 -48 -104
    -123 -166 -247 -201 l-50 -14 92 -1 c104 -1 163 14 229 60 75 51 132 168 148
    301 l7 57 201 202 201 202 -5 -89 c-7 -142 -65 -239 -180 -301 l-43 -24 45 7
    c152 21 256 105 290 233 14 55 14 163 0 242 l-11 60 62 67 c34 37 106 122 160
    189 54 67 101 118 104 113 3 -6 9 -41 12 -78 9 -107 -14 -171 -88 -244 -62
    -62 -56 -66 32 -22 64 32 105 68 136 122 22 37 28 61 31 131 3 73 0 96 -20
    153 l-25 66 64 99 c109 169 192 357 208 475 14 94 -18 168 -85 203 -15 8 -74
    24 -131 35 -524 107 -899 251 -1178 452 -242 174 -554 430 -686 563 -169 168
    -239 253 -550 665 -131 173 -282 370 -336 437 l-99 122 48 6 c213 28 419 111
    642 259 l114 76 71 0 c163 0 345 38 464 96 206 101 268 266 170 454 -19 36
    -26 45 -21 25 14 -59 6 -140 -21 -198 -63 -137 -245 -237 -497 -271 l-45 -6
    35 27 c69 55 227 202 304 284 80 85 284 327 364 431 40 52 46 56 104 68 91 17
    224 67 300 111 189 110 256 271 181 431 -17 35 -40 74 -51 88 l-22 25 15 -44
    c58 -170 -37 -333 -257 -441 -57 -27 -108 -50 -115 -50 -7 0 19 46 58 103 149
    214 286 436 397 641 l71 129 119 57 c148 71 220 120 298 201 86 92 109 143
    109 249 0 100 -19 147 -90 225 -49 53 -50 53 -20 -10 14 -29 19 -63 20 -125 0
    -74 -4 -93 -29 -145 -47 -95 -149 -194 -278 -268 -27 -16 -48 -25 -48 -22 0 3
    18 41 40 85 93 186 240 550 333 828 l42 124 120 82 c204 138 355 305 411 452
    73 194 19 347 -168 473 -62 42 -68 39 -23 -10 57 -63 89 -141 93 -227 9 -160
    -66 -301 -257 -485 -97 -93 -130 -116 -117 -81 3 9 24 84 46 167 82 314 141
    613 194 980 l33 227 86 88 c195 197 337 413 396 602 95 299 -9 513 -284 586
    -76 21 -97 16 -45 -9 66 -31 136 -107 173 -185 30 -63 32 -73 31 -177 0 -93
    -5 -123 -28 -195 -47 -141 -114 -264 -229 -418 -38 -51 -72 -91 -74 -88 -3 3
    0 72 6 153 23 307 31 509 31 864 l0 365 47 55 c360 419 554 901 489 1210 -55
    260 -280 386 -604 339z"/>




    <g transform="scale(0.6) translate(100,110)">
      <path d="M68.498,550.001c0.279,0.251,0.64,0.386,1.016,0.386h415.383c0.446,0,0.869-0.192,1.159-0.532
			c0.267-0.312,6.494-7.715,2.154-17.543c-7.665-17.365-47.519-38.93-193.395-43.388c2.992-4.076,6.016-8.137,9.036-12.188
			c20.214-27.114,36.423-54.776,49.554-84.565c11.766-26.699,23.978-57.841,19.93-89.604c-3.947-30.955-19.97-60.646-35.459-89.346
			c-1.157-2.191-2.524-4.562-3.966-7.053c-7.788-13.47-17.482-30.233-6.295-41.521c0.578-0.582,0.594-1.518,0.034-2.118
			c-0.558-0.603-1.49-0.652-2.115-0.123c-14.602,12.509-6.967,29.141-1.392,41.286c2.613,5.682,5.294,11.359,7.978,17.032
			c5.101,10.793,10.379,21.95,15.046,32.975c12.76,30.162,13.451,62.105,2.09,97.528c-8.645-25.01-33.274-46.809-57.137-67.929
			c-4.314-3.819-8.62-7.629-12.824-11.45c-30.842-28.021-43.366-57.789-38.293-91.005c4.416-28.936,24.609-54.581,45.982-81.732
			c3.14-3.987,6.282-7.98,9.376-11.989c9.945-12.867,21.285-31.861,18.835-49.257c-1.225-8.7-5.836-16.034-13.7-21.806
			c-0.651-0.477-1.561-0.364-2.077,0.254c-0.518,0.618-0.466,1.533,0.119,2.09c6.536,6.227,9.73,13.164,9.765,21.212
			c0.101,22.222-24.78,47.714-43.275,65.735c13.602-35.414,24.03-67.85,20.649-101.458c-0.079-0.808-0.771-1.398-1.598-1.374
			c-0.813,0.042-1.453,0.713-1.453,1.53c0,32.552-15.578,64.71-30.646,95.812c-15.998,33.023-32.5,67.09-30.695,102.127
			c-1.346-2.895-2.65-5.856-3.993-8.908c-10.229-23.256-20.808-47.304-59.288-61.402c-0.765-0.281-1.622,0.092-1.937,0.845
			c-0.315,0.756,0.019,1.625,0.762,1.974c35.766,16.854,43.348,40.523,51.377,65.582c3.957,12.353,8.048,25.125,15.848,36.698
			c10.964,16.27,28.011,31.387,44.498,46.007c23.051,20.441,46.886,41.577,53.596,65.631c10.594,37.987-16.08,75.01-41.876,110.812
			l-5,6.955c-5.896,8.229-10.814,15.138-15.587,22.313c-120.677,0.575-189.457,14.104-198.912,39.138
			C57.186,539.756,68.033,549.588,68.498,550.001z"/>
		<path d="M347.105,111.164c-12.77,10.591-17.488,28.749-13.847,44.682c4.079-8.785,10.318-17.053,17.815-23.176
			c11.264-9.202,24.395-16.062,33.92-27.314c6.635-7.836,10.301-18.614,12.338-28.568c-4.617,8.048-13.002,13.333-21.028,17.423
			C366.218,99.349,355.887,103.881,347.105,111.164z"/>
		<path d="M393.094,96.43c-6.849,17.616-24.902,25.787-38.508,37.259c-17.071,14.394-19.948,33.412-19.948,33.412
			c1.228-1.641,2.547-3.231,3.96-4.716c2.338-2.454,5.275-3.825,8.329-5.15c3.269-1.417,6.659-2.543,10.004-3.761
			c3.319-1.208,6.634-2.485,9.755-4.152c12.025-6.417,21.325-15.716,24.728-29.162C393.351,112.516,393.92,104.282,393.094,96.43z"
			/>
		<path d="M122.535,158.355c-9.676,0.04-19.749-2.375-28.485-6.561c7.319,14.611,22.509,25.627,39.098,25.683
			c11.411,0.037,22.265-3.036,33.314-5.48c8.798-1.946,18.626-3.201,27.308,0.076c-7.904-6.386-17.586-12.375-27.69-14.205
			C151.577,155.24,137.079,158.297,122.535,158.355z"/>
		<path d="M178.013,159.606c-4.354-6.585-10.031-12.577-16.386-17.246c-11.178-8.213-24.269-9.48-37.629-6.784
			c-3.47,0.701-6.839,1.821-10.171,2.999c-3.357,1.187-6.689,2.472-10.113,3.458c-3.198,0.921-6.337,1.729-9.704,1.322
			c-2.035-0.248-4.063-0.636-6.053-1.123c0,0,14.315,12.852,36.641,13.106C142.394,155.537,161.525,150.365,178.013,159.606z"/>
		<path d="M226.565,82.029c6.429,6.31,12.843,13.865,14.835,22.929c1.041-10.107,0.777-21.487-3.201-30.955
			c-5.713-13.589-16.181-24.073-24.165-36.23c-5.315-8.087-8.785-17.849-10.042-27.451c-8.253,14.106-9.195,32.846-0.193,46.778
			C209.993,66.68,218.487,74.101,226.565,82.029z"/>
		<path d="M243.252,84.949c3.143-7.243,5.067-15.27,5.514-23.14c0.786-13.849-5.297-25.511-14.844-35.236
			c-2.479-2.527-5.257-4.74-8.063-6.888c-2.828-2.164-5.722-4.257-8.415-6.588c-2.516-2.179-4.908-4.367-6.398-7.411
			c-0.903-1.839-1.683-3.752-2.362-5.686c0,0-2.959,19.005,9.008,37.858C227.229,52.88,242,66.09,243.252,84.949z"/>
		<path d="M195.718,298.598c-10.582,2.959-22.338,3.348-33.161,1.396c12.411,13.794,32.359,21.279,50.536,16.344
			c12.503-3.394,23.461-10.024,34.823-16.031c9.045-4.78,19.428-9.113,29.92-8.137c-10.575-4.614-22.977-8.253-34.59-7.216
			C226.575,286.446,211.621,294.154,195.718,298.598z"/>
		<path d="M190.46,273.218c-3.589,1.812-6.94,4.052-10.232,6.347c-3.317,2.311-6.579,4.722-10.031,6.83
			c-3.225,1.971-6.417,3.801-10.224,4.366c-2.301,0.343-4.639,0.526-6.964,0.594c0,0,19.541,9.759,44.061,3.314
			c19.541-5.135,38.929-16.558,59.759-11.405c-6.75-5.896-14.771-10.749-23.131-13.947
			C218.989,263.689,204.276,266.244,190.46,273.218z"/>
		<path d="M282.97,228.417c3.009,10.034,11.384,18.663,21.852,20.53c7.2,1.282,14.392,0.542,21.641,0.217
			c5.768-0.257,12.114,0.034,17.233,3.063c-4.283-4.905-9.736-9.752-15.915-12.023c-8.867-3.259-18.359-2.931-27.549-4.498
			C294.118,234.662,288.026,232.024,282.97,228.417z"/>
		<path d="M303.668,221.483c-2.268,0.058-4.52,0.395-6.754,0.771c-2.249,0.379-4.495,0.823-6.766,1.068
			c-2.12,0.227-4.191,0.392-6.27-0.236c-1.258-0.379-2.494-0.851-3.696-1.377c0,0,7.619,9.694,21.689,12.316
			c11.211,2.09,23.861,0.937,33.25,8.59c-2.023-4.639-4.945-9.049-8.443-12.696C320.529,223.499,312.402,221.256,303.668,221.483z"
			/>
		<path d="M364.437,46.038c6.178-2.271,11.628-7.118,15.915-12.023c-5.119,3.026-11.466,3.32-17.234,3.063
			c-7.249-0.325-14.439-1.065-21.64,0.217c-10.469,1.867-18.841,10.496-21.852,20.53c5.052-3.608,11.147-6.243,17.262-7.286
			C346.08,48.969,355.569,49.296,364.437,46.038z"/>
		<path d="M326.808,62.919c2.271,0.245,4.517,0.688,6.766,1.068c2.233,0.376,4.483,0.713,6.754,0.771
			c8.732,0.227,16.857-2.017,23.008-8.437c3.497-3.647,6.417-8.06,8.442-12.696c-9.388,7.653-22.038,6.5-33.25,8.589
			c-14.069,2.625-21.689,12.316-21.689,12.316c1.203-0.526,2.442-0.998,3.696-1.377C322.616,62.525,324.688,62.69,326.808,62.919z"
			/>
		<path d="M308.766,156.274c-5.119,3.026-11.463,3.32-17.233,3.063c-7.249-0.324-14.44-1.064-21.641,0.217
			c-10.468,1.867-18.84,10.496-21.852,20.53c5.052-3.608,11.147-6.242,17.262-7.286c9.189-1.566,18.678-1.239,27.549-4.498
			C299.03,166.026,304.482,161.179,308.766,156.274z"/>
		<path d="M245.253,186.792c1.203-0.526,2.442-0.998,3.697-1.377c2.078-0.63,4.149-0.465,6.27-0.236
			c2.271,0.245,4.517,0.688,6.766,1.068c2.234,0.376,4.483,0.713,6.754,0.771c8.733,0.226,16.857-2.017,23.008-8.437
			c3.498-3.647,6.417-8.057,8.442-12.696c-9.388,7.653-22.038,6.499-33.25,8.589C252.873,177.098,245.253,186.792,245.253,186.792z"
			/>
		<path d="M381.466,303.301c4.051-4.703,9.342-8.715,15.033-11.181c8.553-3.709,17.849-5.646,25.688-10.922
			c5.459-3.675,9.603-9.679,12.599-15.462c-4.254,4.158-10.346,5.952-16.01,7.071c-7.118,1.408-14.278,2.399-20.968,5.355
			C388.084,282.466,382.001,292.839,381.466,303.301z"/>
		<path d="M398.489,293.362c-13.042,5.894-18.137,17.12-18.137,17.12c1.043-0.795,2.133-1.548,3.265-2.215
			c1.87-1.104,3.92-1.438,6.034-1.72c2.265-0.303,4.551-0.407,6.827-0.572c2.259-0.165,4.526-0.373,6.741-0.857
			c8.537-1.857,15.894-5.967,20.343-13.665c2.527-4.376,4.318-9.354,5.181-14.34C421.442,286.777,408.88,288.662,398.489,293.362z"
			/>